1  
e = 20
3 

e = 20
 u and v  = 1 3
2  
e = 19
3  
e = 19
 u and v  = 2 3
4 

e = 19
 u and v  = 2 4
3  
e = 18
4  
e = 18
 u and v  = 3 4
5  
e = 18
 u and v  = 3 5
6 

e = 18
 u and v  = 3 6
1  
e = 17
6 

e = 17
 u and v  = 1 6
1  
e = 16
7 

e = 16
 u and v  = 1 7
2  
e = 15
12  
e = 15
 u and v  = 2 12
13 

e = 15
 u and v  = 2 13
1  
e = 14
8 

e = 14
 u and v  = 1 8
2  
e = 13
9  
e = 13
 u and v  = 2 9
10 

e = 13
 u and v  = 2 10
1  
e = 12
11 

e = 12
 u and v  = 1 11
1  
e = 11
11 

e = 11
 u and v  = 1 11
2  
e = 10
12  
e = 10
 u and v  = 2 12
17 

e = 10
 u and v  = 2 17
1  
e = 9
14 

e = 9
 u and v  = 1 14
2  
e = 8
14  
e = 8
 u and v  = 2 14
15 

e = 8
 u and v  = 2 15
2  
e = 7
15  
e = 7
 u and v  = 2 15
16 

e = 7
 u and v  = 2 16
1  
e = 6
16 

e = 6
 u and v  = 1 16
1  
e = 5
19 

e = 5
 u and v  = 1 19
2  
e = 4
18  
e = 4
 u and v  = 2 18
19 

e = 4
 u and v  = 2 19
1  
e = 3
20 

e = 3
 u and v  = 1 20
1  
e = 2
20 

e = 2
 u and v  = 1 20
5 

e = 1
test case = 5
1  
e = -9
20 

0 0 1 0 0 1 1 1 0 0 1 0 0 1 0 1 0 0 1 1 
0 0 1 1 0 0 0 0 1 1 0 1 1 1 1 1 1 1 1 0 
1 1 0 1 1 1 0 0 0 0 0 0 0 0 0 0 0 0 0 0 
0 1 1 0 0 0 0 0 0 0 0 0 0 0 0 0 0 0 0 0 
0 0 1 0 0 0 0 0 0 0 0 0 0 0 0 0 0 0 0 0 
1 0 1 0 0 0 0 0 0 0 0 0 0 0 0 0 0 0 0 0 
1 0 0 0 0 0 0 0 0 0 0 0 0 0 0 0 0 0 0 0 
1 0 0 0 0 0 0 0 0 0 0 0 0 0 0 0 0 0 0 0 
0 1 0 0 0 0 0 0 0 0 0 0 0 0 0 0 0 0 0 0 
0 1 0 0 0 0 0 0 0 0 0 0 0 0 0 0 0 0 0 0 
1 0 0 0 0 0 0 0 0 0 0 0 0 0 0 0 0 0 0 0 
0 1 0 0 0 0 0 0 0 0 0 0 0 0 0 0 0 0 0 0 
0 1 0 0 0 0 0 0 0 0 0 0 0 0 0 0 0 0 0 0 
1 1 0 0 0 0 0 0 0 0 0 0 0 0 0 0 0 0 0 0 
0 1 0 0 0 0 0 0 0 0 0 0 0 0 0 0 0 0 0 0 
1 1 0 0 0 0 0 0 0 0 0 0 0 0 0 0 0 0 0 0 
0 1 0 0 0 0 0 0 0 0 0 0 0 0 0 0 0 0 0 0 
0 1 0 0 0 0 0 0 0 0 0 0 0 0 0 0 0 0 0 0 
1 1 0 0 0 0 0 0 0 0 0 0 0 0 0 0 0 0 0 0 
1 0 0 0 0 0 0 0 0 0 0 0 0 0 0 0 0 0 0 0 
 source and dest  = 1 20
-1
------------->1

e = -8
2  
e = -7
9 

0 0 1 0 0 1 1 1 0 0 1 0 0 1 0 1 0 0 1 1 
0 0 1 1 0 0 0 0 1 1 0 1 1 1 1 1 1 1 1 0 
1 1 0 1 1 1 0 0 0 0 0 0 0 0 0 0 0 0 0 0 
0 1 1 0 0 0 0 0 0 0 0 0 0 0 0 0 0 0 0 0 
0 0 1 0 0 0 0 0 0 0 0 0 0 0 0 0 0 0 0 0 
1 0 1 0 0 0 0 0 0 0 0 0 0 0 0 0 0 0 0 0 
1 0 0 0 0 0 0 0 0 0 0 0 0 0 0 0 0 0 0 0 
1 0 0 0 0 0 0 0 0 0 0 0 0 0 0 0 0 0 0 0 
0 1 0 0 0 0 0 0 0 0 0 0 0 0 0 0 0 0 0 0 
0 1 0 0 0 0 0 0 0 0 0 0 0 0 0 0 0 0 0 0 
1 0 0 0 0 0 0 0 0 0 0 0 0 0 0 0 0 0 0 0 
0 1 0 0 0 0 0 0 0 0 0 0 0 0 0 0 0 0 0 0 
0 1 0 0 0 0 0 0 0 0 0 0 0 0 0 0 0 0 0 0 
1 1 0 0 0 0 0 0 0 0 0 0 0 0 0 0 0 0 0 0 
0 1 0 0 0 0 0 0 0 0 0 0 0 0 0 0 0 0 0 0 
1 1 0 0 0 0 0 0 0 0 0 0 0 0 0 0 0 0 0 0 
0 1 0 0 0 0 0 0 0 0 0 0 0 0 0 0 0 0 0 0 
0 1 0 0 0 0 0 0 0 0 0 0 0 0 0 0 0 0 0 0 
1 1 0 0 0 0 0 0 0 0 0 0 0 0 0 0 0 0 0 0 
1 0 0 0 0 0 0 0 0 0 0 0 0 0 0 0 0 0 0 0 
 source and dest  = 2 9
-1
------------->1

e = -6
19  
e = -5
5 

0 0 1 0 0 1 1 1 0 0 1 0 0 1 0 1 0 0 1 1 
0 0 1 1 0 0 0 0 1 1 0 1 1 1 1 1 1 1 1 0 
1 1 0 1 1 1 0 0 0 0 0 0 0 0 0 0 0 0 0 0 
0 1 1 0 0 0 0 0 0 0 0 0 0 0 0 0 0 0 0 0 
0 0 1 0 0 0 0 0 0 0 0 0 0 0 0 0 0 0 0 0 
1 0 1 0 0 0 0 0 0 0 0 0 0 0 0 0 0 0 0 0 
1 0 0 0 0 0 0 0 0 0 0 0 0 0 0 0 0 0 0 0 
1 0 0 0 0 0 0 0 0 0 0 0 0 0 0 0 0 0 0 0 
0 1 0 0 0 0 0 0 0 0 0 0 0 0 0 0 0 0 0 0 
0 1 0 0 0 0 0 0 0 0 0 0 0 0 0 0 0 0 0 0 
1 0 0 0 0 0 0 0 0 0 0 0 0 0 0 0 0 0 0 0 
0 1 0 0 0 0 0 0 0 0 0 0 0 0 0 0 0 0 0 0 
0 1 0 0 0 0 0 0 0 0 0 0 0 0 0 0 0 0 0 0 
1 1 0 0 0 0 0 0 0 0 0 0 0 0 0 0 0 0 0 0 
0 1 0 0 0 0 0 0 0 0 0 0 0 0 0 0 0 0 0 0 
1 1 0 0 0 0 0 0 0 0 0 0 0 0 0 0 0 0 0 0 
0 1 0 0 0 0 0 0 0 0 0 0 0 0 0 0 0 0 0 0 
0 1 0 0 0 0 0 0 0 0 0 0 0 0 0 0 0 0 0 0 
1 1 0 0 0 0 0 0 0 0 0 0 0 0 0 0 0 0 0 0 
1 0 0 0 0 0 0 0 0 0 0 0 0 0 0 0 0 0 0 0 
 source and dest  = 19 5
-1
------------->3

e = -4
18  
e = -3
19 

0 0 1 0 0 1 1 1 0 0 1 0 0 1 0 1 0 0 1 1 
0 0 1 1 0 0 0 0 1 1 0 1 1 1 1 1 1 1 1 0 
1 1 0 1 1 1 0 0 0 0 0 0 0 0 0 0 0 0 0 0 
0 1 1 0 0 0 0 0 0 0 0 0 0 0 0 0 0 0 0 0 
0 0 1 0 0 0 0 0 0 0 0 0 0 0 0 0 0 0 0 0 
1 0 1 0 0 0 0 0 0 0 0 0 0 0 0 0 0 0 0 0 
1 0 0 0 0 0 0 0 0 0 0 0 0 0 0 0 0 0 0 0 
1 0 0 0 0 0 0 0 0 0 0 0 0 0 0 0 0 0 0 0 
0 1 0 0 0 0 0 0 0 0 0 0 0 0 0 0 0 0 0 0 
0 1 0 0 0 0 0 0 0 0 0 0 0 0 0 0 0 0 0 0 
1 0 0 0 0 0 0 0 0 0 0 0 0 0 0 0 0 0 0 0 
0 1 0 0 0 0 0 0 0 0 0 0 0 0 0 0 0 0 0 0 
0 1 0 0 0 0 0 0 0 0 0 0 0 0 0 0 0 0 0 0 
1 1 0 0 0 0 0 0 0 0 0 0 0 0 0 0 0 0 0 0 
0 1 0 0 0 0 0 0 0 0 0 0 0 0 0 0 0 0 0 0 
1 1 0 0 0 0 0 0 0 0 0 0 0 0 0 0 0 0 0 0 
0 1 0 0 0 0 0 0 0 0 0 0 0 0 0 0 0 0 0 0 
0 1 0 0 0 0 0 0 0 0 0 0 0 0 0 0 0 0 0 0 
1 1 0 0 0 0 0 0 0 0 0 0 0 0 0 0 0 0 0 0 
1 0 0 0 0 0 0 0 0 0 0 0 0 0 0 0 0 0 0 0 
 source and dest  = 18 19
-1
------------->2

e = -2
16  
e = -1
20 

0 0 1 0 0 1 1 1 0 0 1 0 0 1 0 1 0 0 1 1 
0 0 1 1 0 0 0 0 1 1 0 1 1 1 1 1 1 1 1 0 
1 1 0 1 1 1 0 0 0 0 0 0 0 0 0 0 0 0 0 0 
0 1 1 0 0 0 0 0 0 0 0 0 0 0 0 0 0 0 0 0 
0 0 1 0 0 0 0 0 0 0 0 0 0 0 0 0 0 0 0 0 
1 0 1 0 0 0 0 0 0 0 0 0 0 0 0 0 0 0 0 0 
1 0 0 0 0 0 0 0 0 0 0 0 0 0 0 0 0 0 0 0 
1 0 0 0 0 0 0 0 0 0 0 0 0 0 0 0 0 0 0 0 
0 1 0 0 0 0 0 0 0 0 0 0 0 0 0 0 0 0 0 0 
0 1 0 0 0 0 0 0 0 0 0 0 0 0 0 0 0 0 0 0 
1 0 0 0 0 0 0 0 0 0 0 0 0 0 0 0 0 0 0 0 
0 1 0 0 0 0 0 0 0 0 0 0 0 0 0 0 0 0 0 0 
0 1 0 0 0 0 0 0 0 0 0 0 0 0 0 0 0 0 0 0 
1 1 0 0 0 0 0 0 0 0 0 0 0 0 0 0 0 0 0 0 
0 1 0 0 0 0 0 0 0 0 0 0 0 0 0 0 0 0 0 0 
1 1 0 0 0 0 0 0 0 0 0 0 0 0 0 0 0 0 0 0 
0 1 0 0 0 0 0 0 0 0 0 0 0 0 0 0 0 0 0 0 
0 1 0 0 0 0 0 0 0 0 0 0 0 0 0 0 0 0 0 0 
1 1 0 0 0 0 0 0 0 0 0 0 0 0 0 0 0 0 0 0 
1 0 0 0 0 0 0 0 0 0 0 0 0 0 0 0 0 0 0 0 
 source and dest  = 16 20
-1
------------->2

e = 21
4  
e = 20
2  
e = 20
 u and v  = 4 2
3  
e = 20
 u and v  = 4 3
5  
e = 20
 u and v  = 4 5
6 

e = 20
 u and v  = 4 6
1  
e = 19
4 

e = 19
 u and v  = 1 4
3  
e = 18
4  
e = 18
 u and v  = 3 4
10  
e = 18
 u and v  = 3 10
5 

e = 18
 u and v  = 3 5
5  
e = 17
10  
e = 17
 u and v  = 5 10
11  
e = 17
 u and v  = 5 11
12  
e = 17
 u and v  = 5 12
19  
e = 17
 u and v  = 5 19
18 

e = 17
 u and v  = 5 18
2  
e = 16
6  
e = 16
 u and v  = 2 6
7 

e = 16
 u and v  = 2 7
2  
e = 15
7  
e = 15
 u and v  = 2 7
8 

e = 15
 u and v  = 2 8
2  
e = 14
9  
e = 14
 u and v  = 2 9
10 

e = 14
 u and v  = 2 10
1  
e = 13
9 

e = 13
 u and v  = 1 9
1  
e = 12
10 

e = 12
 u and v  = 1 10
2  
e = 11
11  
e = 11
 u and v  = 2 11
14 

e = 11
 u and v  = 2 14
3  
e = 10
12  
e = 10
 u and v  = 3 12
13  
e = 10
 u and v  = 3 13
14 

e = 10
 u and v  = 3 14
3  
e = 9
18  
e = 9
 u and v  = 3 18
17  
e = 9
 u and v  = 3 17
13 

e = 9
 u and v  = 3 13
4  
e = 8
14  
e = 8
 u and v  = 4 14
15  
e = 8
 u and v  = 4 15
16  
e = 8
 u and v  = 4 16
17 

e = 8
 u and v  = 4 17
0 

e = 7
0 

e = 6
0 

e = 5
2  
e = 4
18  
e = 4
 u and v  = 2 18
20 

e = 4
 u and v  = 2 20
1  
e = 3
19 

e = 3
 u and v  = 1 19
1  
e = 2
20 

e = 2
 u and v  = 1 20
6 

e = 1
test case = 6
1  
e = -11
20 

0 0 0 1 0 0 0 0 1 1 0 0 0 0 0 0 0 0 1 1 
0 0 0 1 0 1 1 1 1 1 1 0 0 1 0 0 0 1 0 1 
0 0 0 1 1 0 0 0 0 1 0 1 1 1 0 0 1 1 0 0 
1 1 1 0 1 1 0 0 0 0 0 0 0 1 1 1 1 0 0 0 
0 0 1 1 0 0 0 0 0 1 1 1 0 0 0 0 0 1 1 0 
0 1 0 1 0 0 0 0 0 0 0 0 0 0 0 0 0 0 0 0 
0 1 0 0 0 0 0 0 0 0 0 0 0 0 0 0 0 0 0 0 
0 1 0 0 0 0 0 0 0 0 0 0 0 0 0 0 0 0 0 0 
1 1 0 0 0 0 0 0 0 0 0 0 0 0 0 0 0 0 0 0 
1 1 1 0 1 0 0 0 0 0 0 0 0 0 0 0 0 0 0 0 
0 1 0 0 1 0 0 0 0 0 0 0 0 0 0 0 0 0 0 0 
0 0 1 0 1 0 0 0 0 0 0 0 0 0 0 0 0 0 0 0 
0 0 1 0 0 0 0 0 0 0 0 0 0 0 0 0 0 0 0 0 
0 1 1 1 0 0 0 0 0 0 0 0 0 0 0 0 0 0 0 0 
0 0 0 1 0 0 0 0 0 0 0 0 0 0 0 0 0 0 0 0 
0 0 0 1 0 0 0 0 0 0 0 0 0 0 0 0 0 0 0 0 
0 0 1 1 0 0 0 0 0 0 0 0 0 0 0 0 0 0 0 0 
0 1 1 0 1 0 0 0 0 0 0 0 0 0 0 0 0 0 0 0 
1 0 0 0 1 0 0 0 0 0 0 0 0 0 0 0 0 0 0 0 
1 1 0 0 0 0 0 0 0 0 0 0 0 0 0 0 0 0 0 0 
 source and dest  = 1 20
-1
------------->1

e = -10
8  
e = -9
20 

0 0 0 1 0 0 0 0 1 1 0 0 0 0 0 0 0 0 1 1 
0 0 0 1 0 1 1 1 1 1 1 0 0 1 0 0 0 1 0 1 
0 0 0 1 1 0 0 0 0 1 0 1 1 1 0 0 1 1 0 0 
1 1 1 0 1 1 0 0 0 0 0 0 0 1 1 1 1 0 0 0 
0 0 1 1 0 0 0 0 0 1 1 1 0 0 0 0 0 1 1 0 
0 1 0 1 0 0 0 0 0 0 0 0 0 0 0 0 0 0 0 0 
0 1 0 0 0 0 0 0 0 0 0 0 0 0 0 0 0 0 0 0 
0 1 0 0 0 0 0 0 0 0 0 0 0 0 0 0 0 0 0 0 
1 1 0 0 0 0 0 0 0 0 0 0 0 0 0 0 0 0 0 0 
1 1 1 0 1 0 0 0 0 0 0 0 0 0 0 0 0 0 0 0 
0 1 0 0 1 0 0 0 0 0 0 0 0 0 0 0 0 0 0 0 
0 0 1 0 1 0 0 0 0 0 0 0 0 0 0 0 0 0 0 0 
0 0 1 0 0 0 0 0 0 0 0 0 0 0 0 0 0 0 0 0 
0 1 1 1 0 0 0 0 0 0 0 0 0 0 0 0 0 0 0 0 
0 0 0 1 0 0 0 0 0 0 0 0 0 0 0 0 0 0 0 0 
0 0 0 1 0 0 0 0 0 0 0 0 0 0 0 0 0 0 0 0 
0 0 1 1 0 0 0 0 0 0 0 0 0 0 0 0 0 0 0 0 
0 1 1 0 1 0 0 0 0 0 0 0 0 0 0 0 0 0 0 0 
1 0 0 0 1 0 0 0 0 0 0 0 0 0 0 0 0 0 0 0 
1 1 0 0 0 0 0 0 0 0 0 0 0 0 0 0 0 0 0 0 
 source and dest  = 8 20
-1
------------->2

e = -8
15  
e = -7
16 

0 0 0 1 0 0 0 0 1 1 0 0 0 0 0 0 0 0 1 1 
0 0 0 1 0 1 1 1 1 1 1 0 0 1 0 0 0 1 0 1 
0 0 0 1 1 0 0 0 0 1 0 1 1 1 0 0 1 1 0 0 
1 1 1 0 1 1 0 0 0 0 0 0 0 1 1 1 1 0 0 0 
0 0 1 1 0 0 0 0 0 1 1 1 0 0 0 0 0 1 1 0 
0 1 0 1 0 0 0 0 0 0 0 0 0 0 0 0 0 0 0 0 
0 1 0 0 0 0 0 0 0 0 0 0 0 0 0 0 0 0 0 0 
0 1 0 0 0 0 0 0 0 0 0 0 0 0 0 0 0 0 0 0 
1 1 0 0 0 0 0 0 0 0 0 0 0 0 0 0 0 0 0 0 
1 1 1 0 1 0 0 0 0 0 0 0 0 0 0 0 0 0 0 0 
0 1 0 0 1 0 0 0 0 0 0 0 0 0 0 0 0 0 0 0 
0 0 1 0 1 0 0 0 0 0 0 0 0 0 0 0 0 0 0 0 
0 0 1 0 0 0 0 0 0 0 0 0 0 0 0 0 0 0 0 0 
0 1 1 1 0 0 0 0 0 0 0 0 0 0 0 0 0 0 0 0 
0 0 0 1 0 0 0 0 0 0 0 0 0 0 0 0 0 0 0 0 
0 0 0 1 0 0 0 0 0 0 0 0 0 0 0 0 0 0 0 0 
0 0 1 1 0 0 0 0 0 0 0 0 0 0 0 0 0 0 0 0 
0 1 1 0 1 0 0 0 0 0 0 0 0 0 0 0 0 0 0 0 
1 0 0 0 1 0 0 0 0 0 0 0 0 0 0 0 0 0 0 0 
1 1 0 0 0 0 0 0 0 0 0 0 0 0 0 0 0 0 0 0 
 source and dest  = 15 16
-1
------------->2

e = -6
11  
e = -5
4 

0 0 0 1 0 0 0 0 1 1 0 0 0 0 0 0 0 0 1 1 
0 0 0 1 0 1 1 1 1 1 1 0 0 1 0 0 0 1 0 1 
0 0 0 1 1 0 0 0 0 1 0 1 1 1 0 0 1 1 0 0 
1 1 1 0 1 1 0 0 0 0 0 0 0 1 1 1 1 0 0 0 
0 0 1 1 0 0 0 0 0 1 1 1 0 0 0 0 0 1 1 0 
0 1 0 1 0 0 0 0 0 0 0 0 0 0 0 0 0 0 0 0 
0 1 0 0 0 0 0 0 0 0 0 0 0 0 0 0 0 0 0 0 
0 1 0 0 0 0 0 0 0 0 0 0 0 0 0 0 0 0 0 0 
1 1 0 0 0 0 0 0 0 0 0 0 0 0 0 0 0 0 0 0 
1 1 1 0 1 0 0 0 0 0 0 0 0 0 0 0 0 0 0 0 
0 1 0 0 1 0 0 0 0 0 0 0 0 0 0 0 0 0 0 0 
0 0 1 0 1 0 0 0 0 0 0 0 0 0 0 0 0 0 0 0 
0 0 1 0 0 0 0 0 0 0 0 0 0 0 0 0 0 0 0 0 
0 1 1 1 0 0 0 0 0 0 0 0 0 0 0 0 0 0 0 0 
0 0 0 1 0 0 0 0 0 0 0 0 0 0 0 0 0 0 0 0 
0 0 0 1 0 0 0 0 0 0 0 0 0 0 0 0 0 0 0 0 
0 0 1 1 0 0 0 0 0 0 0 0 0 0 0 0 0 0 0 0 
0 1 1 0 1 0 0 0 0 0 0 0 0 0 0 0 0 0 0 0 
1 0 0 0 1 0 0 0 0 0 0 0 0 0 0 0 0 0 0 0 
1 1 0 0 0 0 0 0 0 0 0 0 0 0 0 0 0 0 0 0 
 source and dest  = 11 4
-1
------------->2

e = -4
7  
e = -3
13 

0 0 0 1 0 0 0 0 1 1 0 0 0 0 0 0 0 0 1 1 
0 0 0 1 0 1 1 1 1 1 1 0 0 1 0 0 0 1 0 1 
0 0 0 1 1 0 0 0 0 1 0 1 1 1 0 0 1 1 0 0 
1 1 1 0 1 1 0 0 0 0 0 0 0 1 1 1 1 0 0 0 
0 0 1 1 0 0 0 0 0 1 1 1 0 0 0 0 0 1 1 0 
0 1 0 1 0 0 0 0 0 0 0 0 0 0 0 0 0 0 0 0 
0 1 0 0 0 0 0 0 0 0 0 0 0 0 0 0 0 0 0 0 
0 1 0 0 0 0 0 0 0 0 0 0 0 0 0 0 0 0 0 0 
1 1 0 0 0 0 0 0 0 0 0 0 0 0 0 0 0 0 0 0 
1 1 1 0 1 0 0 0 0 0 0 0 0 0 0 0 0 0 0 0 
0 1 0 0 1 0 0 0 0 0 0 0 0 0 0 0 0 0 0 0 
0 0 1 0 1 0 0 0 0 0 0 0 0 0 0 0 0 0 0 0 
0 0 1 0 0 0 0 0 0 0 0 0 0 0 0 0 0 0 0 0 
0 1 1 1 0 0 0 0 0 0 0 0 0 0 0 0 0 0 0 0 
0 0 0 1 0 0 0 0 0 0 0 0 0 0 0 0 0 0 0 0 
0 0 0 1 0 0 0 0 0 0 0 0 0 0 0 0 0 0 0 0 
0 0 1 1 0 0 0 0 0 0 0 0 0 0 0 0 0 0 0 0 
0 1 1 0 1 0 0 0 0 0 0 0 0 0 0 0 0 0 0 0 
1 0 0 0 1 0 0 0 0 0 0 0 0 0 0 0 0 0 0 0 
1 1 0 0 0 0 0 0 0 0 0 0 0 0 0 0 0 0 0 0 
 source and dest  = 7 13
-1
------------->4

e = -2
2  
e = -1
16  
0 0 0 1 0 0 0 0 1 1 0 0 0 0 0 0 0 0 1 1 
0 0 0 1 0 1 1 1 1 1 1 0 0 1 0 0 0 1 0 1 
0 0 0 1 1 0 0 0 0 1 0 1 1 1 0 0 1 1 0 0 
1 1 1 0 1 1 0 0 0 0 0 0 0 1 1 1 1 0 0 0 
0 0 1 1 0 0 0 0 0 1 1 1 0 0 0 0 0 1 1 0 
0 1 0 1 0 0 0 0 0 0 0 0 0 0 0 0 0 0 0 0 
0 1 0 0 0 0 0 0 0 0 0 0 0 0 0 0 0 0 0 0 
0 1 0 0 0 0 0 0 0 0 0 0 0 0 0 0 0 0 0 0 
1 1 0 0 0 0 0 0 0 0 0 0 0 0 0 0 0 0 0 0 
1 1 1 0 1 0 0 0 0 0 0 0 0 0 0 0 0 0 0 0 
0 1 0 0 1 0 0 0 0 0 0 0 0 0 0 0 0 0 0 0 
0 0 1 0 1 0 0 0 0 0 0 0 0 0 0 0 0 0 0 0 
0 0 1 0 0 0 0 0 0 0 0 0 0 0 0 0 0 0 0 0 
0 1 1 1 0 0 0 0 0 0 0 0 0 0 0 0 0 0 0 0 
0 0 0 1 0 0 0 0 0 0 0 0 0 0 0 0 0 0 0 0 
0 0 0 1 0 0 0 0 0 0 0 0 0 0 0 0 0 0 0 0 
0 0 1 1 0 0 0 0 0 0 0 0 0 0 0 0 0 0 0 0 
0 1 1 0 1 0 0 0 0 0 0 0 0 0 0 0 0 0 0 0 
1 0 0 0 1 0 0 0 0 0 0 0 0 0 0 0 0 0 0 0 
1 1 0 0 0 0 0 0 0 0 0 0 0 0 0 0 0 0 0 0 
 source and dest  = 2 16
-1
------------->2

e = 21
